{
 "cells": [
  {
   "cell_type": "code",
   "execution_count": 1,
   "id": "72eb23c8-644a-4c0b-95db-6cf97a08ede2",
   "metadata": {},
   "outputs": [],
   "source": [
    "import numpy as np\n",
    "import pandas as pd\n",
    "import pyampute\n",
    "from pyampute.ampute import MultivariateAmputation\n",
    "from sklearn.experimental import enable_iterative_imputer\n",
    "from sklearn.impute import SimpleImputer, IterativeImputer\n",
    "from sklearn.linear_model import BayesianRidge\n",
    "import os\n",
    "from matplotlib import pyplot as plt"
   ]
  },
  {
   "cell_type": "code",
   "execution_count": null,
   "id": "07727624-d0cb-46e6-bf34-4ba80719312f",
   "metadata": {},
   "outputs": [],
   "source": []
  },
  {
   "cell_type": "markdown",
   "id": "ea03707b-438b-4a11-9d58-760d88ae27a4",
   "metadata": {},
   "source": [
    "We take ivanovo_dataset and delete all missing values to have full initial dataset"
   ]
  },
  {
   "cell_type": "code",
   "execution_count": 2,
   "id": "b43f5e41-f18f-4202-9c09-8282d8f56a98",
   "metadata": {},
   "outputs": [],
   "source": [
    "from sklearn.preprocessing import StandardScaler\n",
    "\n",
    "X_full = np.genfromtxt(os.path.basename('/Desktop/Coursework/July/data_ivanovo.csv') , delimiter=';', skip_header=2)\n",
    "colnames = ['discr_1', 'discr_2', 'discr_3', 'discr_4', 'discr_5', 'discr_6', 'cont_1', 'cont_2', 'cont_3', 'cont_4', 'cont_5', 'cont_6', 'cont_7', 'cont_8', 'cont_9', 'cont_10', 'cont_11', 'cont_12'] \n",
    "cont_colnames = ['cont_1', 'cont_2', 'cont_3', 'cont_4', 'cont_5', 'cont_6', 'cont_7', 'cont_8', 'cont_9', 'cont_10', 'cont_11', 'cont_12'] \n",
    "\n",
    "\n",
    "df = pd.DataFrame(X_full)\n",
    "df.dropna(axis=0, how='any', thresh=None, subset=None, inplace=True)\n",
    "#df.dropna() 1883/1858\n",
    "#df"
   ]
  },
  {
   "cell_type": "code",
   "execution_count": 3,
   "id": "d70837cf-fcee-4afd-9099-214cb5799a9c",
   "metadata": {},
   "outputs": [
    {
     "data": {
      "text/html": [
       "<div>\n",
       "<style scoped>\n",
       "    .dataframe tbody tr th:only-of-type {\n",
       "        vertical-align: middle;\n",
       "    }\n",
       "\n",
       "    .dataframe tbody tr th {\n",
       "        vertical-align: top;\n",
       "    }\n",
       "\n",
       "    .dataframe thead th {\n",
       "        text-align: right;\n",
       "    }\n",
       "</style>\n",
       "<table border=\"1\" class=\"dataframe\">\n",
       "  <thead>\n",
       "    <tr style=\"text-align: right;\">\n",
       "      <th></th>\n",
       "      <th>6</th>\n",
       "      <th>7</th>\n",
       "      <th>8</th>\n",
       "      <th>9</th>\n",
       "      <th>10</th>\n",
       "      <th>11</th>\n",
       "      <th>12</th>\n",
       "      <th>13</th>\n",
       "      <th>14</th>\n",
       "      <th>15</th>\n",
       "      <th>16</th>\n",
       "      <th>17</th>\n",
       "    </tr>\n",
       "  </thead>\n",
       "  <tbody>\n",
       "    <tr>\n",
       "      <th>0</th>\n",
       "      <td>0.681272</td>\n",
       "      <td>0.839077</td>\n",
       "      <td>1.699830</td>\n",
       "      <td>0.780747</td>\n",
       "      <td>1.965416</td>\n",
       "      <td>2.297007</td>\n",
       "      <td>-0.619881</td>\n",
       "      <td>-0.906753</td>\n",
       "      <td>1.710877</td>\n",
       "      <td>1.080780</td>\n",
       "      <td>0.195906</td>\n",
       "      <td>-0.762807</td>\n",
       "    </tr>\n",
       "    <tr>\n",
       "      <th>1</th>\n",
       "      <td>1.465668</td>\n",
       "      <td>1.619690</td>\n",
       "      <td>1.556676</td>\n",
       "      <td>2.193946</td>\n",
       "      <td>1.396400</td>\n",
       "      <td>-0.673438</td>\n",
       "      <td>1.092172</td>\n",
       "      <td>-0.193068</td>\n",
       "      <td>0.172220</td>\n",
       "      <td>0.592126</td>\n",
       "      <td>1.120988</td>\n",
       "      <td>0.020496</td>\n",
       "    </tr>\n",
       "    <tr>\n",
       "      <th>2</th>\n",
       "      <td>-1.584760</td>\n",
       "      <td>-0.790098</td>\n",
       "      <td>-1.020090</td>\n",
       "      <td>-0.475431</td>\n",
       "      <td>-1.069334</td>\n",
       "      <td>-1.267527</td>\n",
       "      <td>-1.400506</td>\n",
       "      <td>-1.412281</td>\n",
       "      <td>-0.606606</td>\n",
       "      <td>-2.146019</td>\n",
       "      <td>0.000772</td>\n",
       "      <td>1.699002</td>\n",
       "    </tr>\n",
       "    <tr>\n",
       "      <th>3</th>\n",
       "      <td>1.117047</td>\n",
       "      <td>1.467215</td>\n",
       "      <td>1.914561</td>\n",
       "      <td>1.304154</td>\n",
       "      <td>1.111892</td>\n",
       "      <td>0.910800</td>\n",
       "      <td>0.045425</td>\n",
       "      <td>0.936935</td>\n",
       "      <td>0.020254</td>\n",
       "      <td>-0.022903</td>\n",
       "      <td>0.058590</td>\n",
       "      <td>-0.091404</td>\n",
       "    </tr>\n",
       "    <tr>\n",
       "      <th>4</th>\n",
       "      <td>0.506962</td>\n",
       "      <td>2.299204</td>\n",
       "      <td>1.771407</td>\n",
       "      <td>0.519043</td>\n",
       "      <td>0.732548</td>\n",
       "      <td>-0.574423</td>\n",
       "      <td>1.730865</td>\n",
       "      <td>-1.114912</td>\n",
       "      <td>0.789582</td>\n",
       "      <td>1.266131</td>\n",
       "      <td>-0.136545</td>\n",
       "      <td>1.251401</td>\n",
       "    </tr>\n",
       "    <tr>\n",
       "      <th>...</th>\n",
       "      <td>...</td>\n",
       "      <td>...</td>\n",
       "      <td>...</td>\n",
       "      <td>...</td>\n",
       "      <td>...</td>\n",
       "      <td>...</td>\n",
       "      <td>...</td>\n",
       "      <td>...</td>\n",
       "      <td>...</td>\n",
       "      <td>...</td>\n",
       "      <td>...</td>\n",
       "      <td>...</td>\n",
       "    </tr>\n",
       "    <tr>\n",
       "      <th>1878</th>\n",
       "      <td>-0.887519</td>\n",
       "      <td>-0.280463</td>\n",
       "      <td>0.339870</td>\n",
       "      <td>-0.789475</td>\n",
       "      <td>-0.595155</td>\n",
       "      <td>-0.178363</td>\n",
       "      <td>0.453479</td>\n",
       "      <td>-0.490437</td>\n",
       "      <td>-0.331168</td>\n",
       "      <td>0.137173</td>\n",
       "      <td>-0.273861</td>\n",
       "      <td>0.468098</td>\n",
       "    </tr>\n",
       "    <tr>\n",
       "      <th>1879</th>\n",
       "      <td>-0.713209</td>\n",
       "      <td>-0.280463</td>\n",
       "      <td>-0.053802</td>\n",
       "      <td>-0.946497</td>\n",
       "      <td>-1.164170</td>\n",
       "      <td>-1.366541</td>\n",
       "      <td>0.151873</td>\n",
       "      <td>1.501937</td>\n",
       "      <td>-0.141210</td>\n",
       "      <td>0.389925</td>\n",
       "      <td>-0.729175</td>\n",
       "      <td>0.132397</td>\n",
       "    </tr>\n",
       "    <tr>\n",
       "      <th>1880</th>\n",
       "      <td>-0.364589</td>\n",
       "      <td>0.414796</td>\n",
       "      <td>-0.018014</td>\n",
       "      <td>-0.266068</td>\n",
       "      <td>-0.215811</td>\n",
       "      <td>-1.366541</td>\n",
       "      <td>-0.398112</td>\n",
       "      <td>-1.560966</td>\n",
       "      <td>-0.036733</td>\n",
       "      <td>-0.840134</td>\n",
       "      <td>-0.042591</td>\n",
       "      <td>1.475201</td>\n",
       "    </tr>\n",
       "    <tr>\n",
       "      <th>1881</th>\n",
       "      <td>-1.148984</td>\n",
       "      <td>-0.756122</td>\n",
       "      <td>-0.161168</td>\n",
       "      <td>-0.475431</td>\n",
       "      <td>-0.026139</td>\n",
       "      <td>0.019666</td>\n",
       "      <td>0.613152</td>\n",
       "      <td>0.520618</td>\n",
       "      <td>0.457157</td>\n",
       "      <td>0.802753</td>\n",
       "      <td>-0.317224</td>\n",
       "      <td>0.132397</td>\n",
       "    </tr>\n",
       "    <tr>\n",
       "      <th>1882</th>\n",
       "      <td>-0.451744</td>\n",
       "      <td>0.092442</td>\n",
       "      <td>0.483024</td>\n",
       "      <td>0.152658</td>\n",
       "      <td>0.258369</td>\n",
       "      <td>0.811785</td>\n",
       "      <td>0.692988</td>\n",
       "      <td>-0.312015</td>\n",
       "      <td>-0.293176</td>\n",
       "      <td>0.482600</td>\n",
       "      <td>-0.057045</td>\n",
       "      <td>0.132397</td>\n",
       "    </tr>\n",
       "  </tbody>\n",
       "</table>\n",
       "<p>1858 rows × 12 columns</p>\n",
       "</div>"
      ],
      "text/plain": [
       "            6         7         8         9         10        11        12  \\\n",
       "0     0.681272  0.839077  1.699830  0.780747  1.965416  2.297007 -0.619881   \n",
       "1     1.465668  1.619690  1.556676  2.193946  1.396400 -0.673438  1.092172   \n",
       "2    -1.584760 -0.790098 -1.020090 -0.475431 -1.069334 -1.267527 -1.400506   \n",
       "3     1.117047  1.467215  1.914561  1.304154  1.111892  0.910800  0.045425   \n",
       "4     0.506962  2.299204  1.771407  0.519043  0.732548 -0.574423  1.730865   \n",
       "...        ...       ...       ...       ...       ...       ...       ...   \n",
       "1878 -0.887519 -0.280463  0.339870 -0.789475 -0.595155 -0.178363  0.453479   \n",
       "1879 -0.713209 -0.280463 -0.053802 -0.946497 -1.164170 -1.366541  0.151873   \n",
       "1880 -0.364589  0.414796 -0.018014 -0.266068 -0.215811 -1.366541 -0.398112   \n",
       "1881 -1.148984 -0.756122 -0.161168 -0.475431 -0.026139  0.019666  0.613152   \n",
       "1882 -0.451744  0.092442  0.483024  0.152658  0.258369  0.811785  0.692988   \n",
       "\n",
       "            13        14        15        16        17  \n",
       "0    -0.906753  1.710877  1.080780  0.195906 -0.762807  \n",
       "1    -0.193068  0.172220  0.592126  1.120988  0.020496  \n",
       "2    -1.412281 -0.606606 -2.146019  0.000772  1.699002  \n",
       "3     0.936935  0.020254 -0.022903  0.058590 -0.091404  \n",
       "4    -1.114912  0.789582  1.266131 -0.136545  1.251401  \n",
       "...        ...       ...       ...       ...       ...  \n",
       "1878 -0.490437 -0.331168  0.137173 -0.273861  0.468098  \n",
       "1879  1.501937 -0.141210  0.389925 -0.729175  0.132397  \n",
       "1880 -1.560966 -0.036733 -0.840134 -0.042591  1.475201  \n",
       "1881  0.520618  0.457157  0.802753 -0.317224  0.132397  \n",
       "1882 -0.312015 -0.293176  0.482600 -0.057045  0.132397  \n",
       "\n",
       "[1858 rows x 12 columns]"
      ]
     },
     "execution_count": 3,
     "metadata": {},
     "output_type": "execute_result"
    }
   ],
   "source": [
    "df_cont = df.iloc[:, 6:18]\n",
    "df_cont"
   ]
  },
  {
   "cell_type": "code",
   "execution_count": null,
   "id": "079e7909-8972-4851-8d38-b70ae7856288",
   "metadata": {},
   "outputs": [],
   "source": []
  },
  {
   "cell_type": "markdown",
   "id": "b357a552-1dab-454f-8e86-615f6bdb6647",
   "metadata": {},
   "source": [
    "Nonzero values in the column [2]"
   ]
  },
  {
   "cell_type": "code",
   "execution_count": 4,
   "id": "dbbb03bf-f15b-4e4b-95fc-6a235ffa0845",
   "metadata": {},
   "outputs": [
    {
     "data": {
      "text/plain": [
       "True"
      ]
     },
     "execution_count": 4,
     "metadata": {},
     "output_type": "execute_result"
    }
   ],
   "source": [
    "# df[(df[[2]] != 0) =='True'].isnull().values.any()"
   ]
  },
  {
   "cell_type": "code",
   "execution_count": 5,
   "id": "848e5db6-4865-422a-bb11-28498a0bd6be",
   "metadata": {},
   "outputs": [
    {
     "data": {
      "text/plain": [
       "2    321\n",
       "dtype: int64"
      ]
     },
     "execution_count": 5,
     "metadata": {},
     "output_type": "execute_result"
    }
   ],
   "source": [
    "# count = (df[[2]] != 0).sum()\n",
    "# count"
   ]
  },
  {
   "cell_type": "code",
   "execution_count": 6,
   "id": "86bb9435-428d-408c-a9cd-591f6926f6dc",
   "metadata": {},
   "outputs": [
    {
     "data": {
      "text/plain": [
       "False"
      ]
     },
     "execution_count": 6,
     "metadata": {},
     "output_type": "execute_result"
    }
   ],
   "source": [
    "# df.isnull().values.any()"
   ]
  },
  {
   "cell_type": "code",
   "execution_count": null,
   "id": "846a9f39-554d-455b-8acd-0813fd9cb775",
   "metadata": {},
   "outputs": [],
   "source": []
  },
  {
   "cell_type": "markdown",
   "id": "d78c5fbe-bbae-492b-a3e9-a9fbdd6cce18",
   "metadata": {},
   "source": [
    "Correlation in data"
   ]
  },
  {
   "cell_type": "code",
   "execution_count": 63,
   "id": "3cce4d9e-18cf-4172-9c89-6f12750f4686",
   "metadata": {},
   "outputs": [
    {
     "data": {
      "text/html": [
       "<div>\n",
       "<style scoped>\n",
       "    .dataframe tbody tr th:only-of-type {\n",
       "        vertical-align: middle;\n",
       "    }\n",
       "\n",
       "    .dataframe tbody tr th {\n",
       "        vertical-align: top;\n",
       "    }\n",
       "\n",
       "    .dataframe thead th {\n",
       "        text-align: right;\n",
       "    }\n",
       "</style>\n",
       "<table border=\"1\" class=\"dataframe\">\n",
       "  <thead>\n",
       "    <tr style=\"text-align: right;\">\n",
       "      <th></th>\n",
       "      <th>0</th>\n",
       "      <th>1</th>\n",
       "      <th>2</th>\n",
       "      <th>3</th>\n",
       "      <th>4</th>\n",
       "      <th>5</th>\n",
       "      <th>6</th>\n",
       "      <th>7</th>\n",
       "      <th>8</th>\n",
       "      <th>9</th>\n",
       "      <th>10</th>\n",
       "      <th>11</th>\n",
       "      <th>12</th>\n",
       "      <th>13</th>\n",
       "      <th>14</th>\n",
       "      <th>15</th>\n",
       "      <th>16</th>\n",
       "      <th>17</th>\n",
       "    </tr>\n",
       "  </thead>\n",
       "  <tbody>\n",
       "    <tr>\n",
       "      <th>0</th>\n",
       "      <td>1.000000</td>\n",
       "      <td>-0.416733</td>\n",
       "      <td>0.002848</td>\n",
       "      <td>-0.040954</td>\n",
       "      <td>0.113003</td>\n",
       "      <td>-0.003299</td>\n",
       "      <td>0.230600</td>\n",
       "      <td>0.068610</td>\n",
       "      <td>-0.217655</td>\n",
       "      <td>0.003396</td>\n",
       "      <td>-0.044236</td>\n",
       "      <td>0.118551</td>\n",
       "      <td>0.070265</td>\n",
       "      <td>0.341607</td>\n",
       "      <td>-0.101479</td>\n",
       "      <td>0.140208</td>\n",
       "      <td>-0.036389</td>\n",
       "      <td>-0.474928</td>\n",
       "    </tr>\n",
       "    <tr>\n",
       "      <th>1</th>\n",
       "      <td>-0.416733</td>\n",
       "      <td>1.000000</td>\n",
       "      <td>-0.019417</td>\n",
       "      <td>-0.049777</td>\n",
       "      <td>-0.079674</td>\n",
       "      <td>0.002793</td>\n",
       "      <td>-0.216651</td>\n",
       "      <td>-0.065687</td>\n",
       "      <td>0.076130</td>\n",
       "      <td>-0.028016</td>\n",
       "      <td>0.018924</td>\n",
       "      <td>-0.025810</td>\n",
       "      <td>-0.051295</td>\n",
       "      <td>-0.177529</td>\n",
       "      <td>0.099529</td>\n",
       "      <td>-0.082244</td>\n",
       "      <td>0.004427</td>\n",
       "      <td>0.190613</td>\n",
       "    </tr>\n",
       "    <tr>\n",
       "      <th>2</th>\n",
       "      <td>0.002848</td>\n",
       "      <td>-0.019417</td>\n",
       "      <td>1.000000</td>\n",
       "      <td>0.006811</td>\n",
       "      <td>-0.018205</td>\n",
       "      <td>-0.056055</td>\n",
       "      <td>0.003411</td>\n",
       "      <td>0.056873</td>\n",
       "      <td>0.022708</td>\n",
       "      <td>0.069442</td>\n",
       "      <td>0.079712</td>\n",
       "      <td>-0.003578</td>\n",
       "      <td>0.089754</td>\n",
       "      <td>0.059036</td>\n",
       "      <td>-0.004235</td>\n",
       "      <td>-0.001187</td>\n",
       "      <td>-0.046372</td>\n",
       "      <td>0.003364</td>\n",
       "    </tr>\n",
       "    <tr>\n",
       "      <th>3</th>\n",
       "      <td>-0.040954</td>\n",
       "      <td>-0.049777</td>\n",
       "      <td>0.006811</td>\n",
       "      <td>1.000000</td>\n",
       "      <td>-0.084489</td>\n",
       "      <td>-0.019377</td>\n",
       "      <td>-0.120336</td>\n",
       "      <td>-0.131044</td>\n",
       "      <td>-0.136686</td>\n",
       "      <td>-0.096858</td>\n",
       "      <td>-0.075859</td>\n",
       "      <td>-0.054507</td>\n",
       "      <td>-0.044920</td>\n",
       "      <td>0.035691</td>\n",
       "      <td>-0.064441</td>\n",
       "      <td>-0.067940</td>\n",
       "      <td>-0.040964</td>\n",
       "      <td>-0.041468</td>\n",
       "    </tr>\n",
       "    <tr>\n",
       "      <th>4</th>\n",
       "      <td>0.113003</td>\n",
       "      <td>-0.079674</td>\n",
       "      <td>-0.018205</td>\n",
       "      <td>-0.084489</td>\n",
       "      <td>1.000000</td>\n",
       "      <td>0.268948</td>\n",
       "      <td>0.450058</td>\n",
       "      <td>0.322645</td>\n",
       "      <td>0.335007</td>\n",
       "      <td>0.400309</td>\n",
       "      <td>0.355654</td>\n",
       "      <td>0.070777</td>\n",
       "      <td>0.144361</td>\n",
       "      <td>-0.074100</td>\n",
       "      <td>0.191973</td>\n",
       "      <td>0.180190</td>\n",
       "      <td>0.194627</td>\n",
       "      <td>0.128632</td>\n",
       "    </tr>\n",
       "    <tr>\n",
       "      <th>5</th>\n",
       "      <td>-0.003299</td>\n",
       "      <td>0.002793</td>\n",
       "      <td>-0.056055</td>\n",
       "      <td>-0.019377</td>\n",
       "      <td>0.268948</td>\n",
       "      <td>1.000000</td>\n",
       "      <td>0.194269</td>\n",
       "      <td>0.099557</td>\n",
       "      <td>0.118859</td>\n",
       "      <td>0.069484</td>\n",
       "      <td>0.059914</td>\n",
       "      <td>-0.021242</td>\n",
       "      <td>-0.014666</td>\n",
       "      <td>-0.033500</td>\n",
       "      <td>0.101991</td>\n",
       "      <td>0.017317</td>\n",
       "      <td>0.112762</td>\n",
       "      <td>0.045092</td>\n",
       "    </tr>\n",
       "    <tr>\n",
       "      <th>6</th>\n",
       "      <td>0.230600</td>\n",
       "      <td>-0.216651</td>\n",
       "      <td>0.003411</td>\n",
       "      <td>-0.120336</td>\n",
       "      <td>0.450058</td>\n",
       "      <td>0.194269</td>\n",
       "      <td>1.000000</td>\n",
       "      <td>0.382237</td>\n",
       "      <td>0.374438</td>\n",
       "      <td>0.427674</td>\n",
       "      <td>0.389335</td>\n",
       "      <td>0.078027</td>\n",
       "      <td>0.270943</td>\n",
       "      <td>0.036506</td>\n",
       "      <td>0.208591</td>\n",
       "      <td>0.357668</td>\n",
       "      <td>0.227889</td>\n",
       "      <td>-0.012598</td>\n",
       "    </tr>\n",
       "    <tr>\n",
       "      <th>7</th>\n",
       "      <td>0.068610</td>\n",
       "      <td>-0.065687</td>\n",
       "      <td>0.056873</td>\n",
       "      <td>-0.131044</td>\n",
       "      <td>0.322645</td>\n",
       "      <td>0.099557</td>\n",
       "      <td>0.382237</td>\n",
       "      <td>1.000000</td>\n",
       "      <td>0.819511</td>\n",
       "      <td>0.463341</td>\n",
       "      <td>0.422108</td>\n",
       "      <td>0.141224</td>\n",
       "      <td>0.212259</td>\n",
       "      <td>-0.222842</td>\n",
       "      <td>0.286739</td>\n",
       "      <td>0.194579</td>\n",
       "      <td>0.246950</td>\n",
       "      <td>0.302332</td>\n",
       "    </tr>\n",
       "    <tr>\n",
       "      <th>8</th>\n",
       "      <td>-0.217655</td>\n",
       "      <td>0.076130</td>\n",
       "      <td>0.022708</td>\n",
       "      <td>-0.136686</td>\n",
       "      <td>0.335007</td>\n",
       "      <td>0.118859</td>\n",
       "      <td>0.374438</td>\n",
       "      <td>0.819511</td>\n",
       "      <td>1.000000</td>\n",
       "      <td>0.493035</td>\n",
       "      <td>0.462493</td>\n",
       "      <td>0.149331</td>\n",
       "      <td>0.188395</td>\n",
       "      <td>-0.333780</td>\n",
       "      <td>0.366164</td>\n",
       "      <td>0.193523</td>\n",
       "      <td>0.284792</td>\n",
       "      <td>0.430566</td>\n",
       "    </tr>\n",
       "    <tr>\n",
       "      <th>9</th>\n",
       "      <td>0.003396</td>\n",
       "      <td>-0.028016</td>\n",
       "      <td>0.069442</td>\n",
       "      <td>-0.096858</td>\n",
       "      <td>0.400309</td>\n",
       "      <td>0.069484</td>\n",
       "      <td>0.427674</td>\n",
       "      <td>0.463341</td>\n",
       "      <td>0.493035</td>\n",
       "      <td>1.000000</td>\n",
       "      <td>0.802498</td>\n",
       "      <td>0.222252</td>\n",
       "      <td>0.238637</td>\n",
       "      <td>-0.120724</td>\n",
       "      <td>0.263525</td>\n",
       "      <td>0.248213</td>\n",
       "      <td>0.261403</td>\n",
       "      <td>0.226980</td>\n",
       "    </tr>\n",
       "    <tr>\n",
       "      <th>10</th>\n",
       "      <td>-0.044236</td>\n",
       "      <td>0.018924</td>\n",
       "      <td>0.079712</td>\n",
       "      <td>-0.075859</td>\n",
       "      <td>0.355654</td>\n",
       "      <td>0.059914</td>\n",
       "      <td>0.389335</td>\n",
       "      <td>0.422108</td>\n",
       "      <td>0.462493</td>\n",
       "      <td>0.802498</td>\n",
       "      <td>1.000000</td>\n",
       "      <td>0.278096</td>\n",
       "      <td>0.245654</td>\n",
       "      <td>-0.110451</td>\n",
       "      <td>0.258942</td>\n",
       "      <td>0.255937</td>\n",
       "      <td>0.245976</td>\n",
       "      <td>0.233664</td>\n",
       "    </tr>\n",
       "    <tr>\n",
       "      <th>11</th>\n",
       "      <td>0.118551</td>\n",
       "      <td>-0.025810</td>\n",
       "      <td>-0.003578</td>\n",
       "      <td>-0.054507</td>\n",
       "      <td>0.070777</td>\n",
       "      <td>-0.021242</td>\n",
       "      <td>0.078027</td>\n",
       "      <td>0.141224</td>\n",
       "      <td>0.149331</td>\n",
       "      <td>0.222252</td>\n",
       "      <td>0.278096</td>\n",
       "      <td>1.000000</td>\n",
       "      <td>0.043705</td>\n",
       "      <td>-0.052743</td>\n",
       "      <td>0.112726</td>\n",
       "      <td>0.063626</td>\n",
       "      <td>0.194491</td>\n",
       "      <td>0.028966</td>\n",
       "    </tr>\n",
       "    <tr>\n",
       "      <th>12</th>\n",
       "      <td>0.070265</td>\n",
       "      <td>-0.051295</td>\n",
       "      <td>0.089754</td>\n",
       "      <td>-0.044920</td>\n",
       "      <td>0.144361</td>\n",
       "      <td>-0.014666</td>\n",
       "      <td>0.270943</td>\n",
       "      <td>0.212259</td>\n",
       "      <td>0.188395</td>\n",
       "      <td>0.238637</td>\n",
       "      <td>0.245654</td>\n",
       "      <td>0.043705</td>\n",
       "      <td>1.000000</td>\n",
       "      <td>0.031232</td>\n",
       "      <td>0.195923</td>\n",
       "      <td>0.797611</td>\n",
       "      <td>0.100046</td>\n",
       "      <td>0.104120</td>\n",
       "    </tr>\n",
       "    <tr>\n",
       "      <th>13</th>\n",
       "      <td>0.341607</td>\n",
       "      <td>-0.177529</td>\n",
       "      <td>0.059036</td>\n",
       "      <td>0.035691</td>\n",
       "      <td>-0.074100</td>\n",
       "      <td>-0.033500</td>\n",
       "      <td>0.036506</td>\n",
       "      <td>-0.222842</td>\n",
       "      <td>-0.333780</td>\n",
       "      <td>-0.120724</td>\n",
       "      <td>-0.110451</td>\n",
       "      <td>-0.052743</td>\n",
       "      <td>0.031232</td>\n",
       "      <td>1.000000</td>\n",
       "      <td>-0.336466</td>\n",
       "      <td>0.223300</td>\n",
       "      <td>-0.142416</td>\n",
       "      <td>-0.327886</td>\n",
       "    </tr>\n",
       "    <tr>\n",
       "      <th>14</th>\n",
       "      <td>-0.101479</td>\n",
       "      <td>0.099529</td>\n",
       "      <td>-0.004235</td>\n",
       "      <td>-0.064441</td>\n",
       "      <td>0.191973</td>\n",
       "      <td>0.101991</td>\n",
       "      <td>0.208591</td>\n",
       "      <td>0.286739</td>\n",
       "      <td>0.366164</td>\n",
       "      <td>0.263525</td>\n",
       "      <td>0.258942</td>\n",
       "      <td>0.112726</td>\n",
       "      <td>0.195923</td>\n",
       "      <td>-0.336466</td>\n",
       "      <td>1.000000</td>\n",
       "      <td>0.405077</td>\n",
       "      <td>0.309465</td>\n",
       "      <td>0.309841</td>\n",
       "    </tr>\n",
       "    <tr>\n",
       "      <th>15</th>\n",
       "      <td>0.140208</td>\n",
       "      <td>-0.082244</td>\n",
       "      <td>-0.001187</td>\n",
       "      <td>-0.067940</td>\n",
       "      <td>0.180190</td>\n",
       "      <td>0.017317</td>\n",
       "      <td>0.357668</td>\n",
       "      <td>0.194579</td>\n",
       "      <td>0.193523</td>\n",
       "      <td>0.248213</td>\n",
       "      <td>0.255937</td>\n",
       "      <td>0.063626</td>\n",
       "      <td>0.797611</td>\n",
       "      <td>0.223300</td>\n",
       "      <td>0.405077</td>\n",
       "      <td>1.000000</td>\n",
       "      <td>0.140621</td>\n",
       "      <td>0.107027</td>\n",
       "    </tr>\n",
       "    <tr>\n",
       "      <th>16</th>\n",
       "      <td>-0.036389</td>\n",
       "      <td>0.004427</td>\n",
       "      <td>-0.046372</td>\n",
       "      <td>-0.040964</td>\n",
       "      <td>0.194627</td>\n",
       "      <td>0.112762</td>\n",
       "      <td>0.227889</td>\n",
       "      <td>0.246950</td>\n",
       "      <td>0.284792</td>\n",
       "      <td>0.261403</td>\n",
       "      <td>0.245976</td>\n",
       "      <td>0.194491</td>\n",
       "      <td>0.100046</td>\n",
       "      <td>-0.142416</td>\n",
       "      <td>0.309465</td>\n",
       "      <td>0.140621</td>\n",
       "      <td>1.000000</td>\n",
       "      <td>0.099624</td>\n",
       "    </tr>\n",
       "    <tr>\n",
       "      <th>17</th>\n",
       "      <td>-0.474928</td>\n",
       "      <td>0.190613</td>\n",
       "      <td>0.003364</td>\n",
       "      <td>-0.041468</td>\n",
       "      <td>0.128632</td>\n",
       "      <td>0.045092</td>\n",
       "      <td>-0.012598</td>\n",
       "      <td>0.302332</td>\n",
       "      <td>0.430566</td>\n",
       "      <td>0.226980</td>\n",
       "      <td>0.233664</td>\n",
       "      <td>0.028966</td>\n",
       "      <td>0.104120</td>\n",
       "      <td>-0.327886</td>\n",
       "      <td>0.309841</td>\n",
       "      <td>0.107027</td>\n",
       "      <td>0.099624</td>\n",
       "      <td>1.000000</td>\n",
       "    </tr>\n",
       "  </tbody>\n",
       "</table>\n",
       "</div>"
      ],
      "text/plain": [
       "          0         1         2         3         4         5         6   \\\n",
       "0   1.000000 -0.416733  0.002848 -0.040954  0.113003 -0.003299  0.230600   \n",
       "1  -0.416733  1.000000 -0.019417 -0.049777 -0.079674  0.002793 -0.216651   \n",
       "2   0.002848 -0.019417  1.000000  0.006811 -0.018205 -0.056055  0.003411   \n",
       "3  -0.040954 -0.049777  0.006811  1.000000 -0.084489 -0.019377 -0.120336   \n",
       "4   0.113003 -0.079674 -0.018205 -0.084489  1.000000  0.268948  0.450058   \n",
       "5  -0.003299  0.002793 -0.056055 -0.019377  0.268948  1.000000  0.194269   \n",
       "6   0.230600 -0.216651  0.003411 -0.120336  0.450058  0.194269  1.000000   \n",
       "7   0.068610 -0.065687  0.056873 -0.131044  0.322645  0.099557  0.382237   \n",
       "8  -0.217655  0.076130  0.022708 -0.136686  0.335007  0.118859  0.374438   \n",
       "9   0.003396 -0.028016  0.069442 -0.096858  0.400309  0.069484  0.427674   \n",
       "10 -0.044236  0.018924  0.079712 -0.075859  0.355654  0.059914  0.389335   \n",
       "11  0.118551 -0.025810 -0.003578 -0.054507  0.070777 -0.021242  0.078027   \n",
       "12  0.070265 -0.051295  0.089754 -0.044920  0.144361 -0.014666  0.270943   \n",
       "13  0.341607 -0.177529  0.059036  0.035691 -0.074100 -0.033500  0.036506   \n",
       "14 -0.101479  0.099529 -0.004235 -0.064441  0.191973  0.101991  0.208591   \n",
       "15  0.140208 -0.082244 -0.001187 -0.067940  0.180190  0.017317  0.357668   \n",
       "16 -0.036389  0.004427 -0.046372 -0.040964  0.194627  0.112762  0.227889   \n",
       "17 -0.474928  0.190613  0.003364 -0.041468  0.128632  0.045092 -0.012598   \n",
       "\n",
       "          7         8         9         10        11        12        13  \\\n",
       "0   0.068610 -0.217655  0.003396 -0.044236  0.118551  0.070265  0.341607   \n",
       "1  -0.065687  0.076130 -0.028016  0.018924 -0.025810 -0.051295 -0.177529   \n",
       "2   0.056873  0.022708  0.069442  0.079712 -0.003578  0.089754  0.059036   \n",
       "3  -0.131044 -0.136686 -0.096858 -0.075859 -0.054507 -0.044920  0.035691   \n",
       "4   0.322645  0.335007  0.400309  0.355654  0.070777  0.144361 -0.074100   \n",
       "5   0.099557  0.118859  0.069484  0.059914 -0.021242 -0.014666 -0.033500   \n",
       "6   0.382237  0.374438  0.427674  0.389335  0.078027  0.270943  0.036506   \n",
       "7   1.000000  0.819511  0.463341  0.422108  0.141224  0.212259 -0.222842   \n",
       "8   0.819511  1.000000  0.493035  0.462493  0.149331  0.188395 -0.333780   \n",
       "9   0.463341  0.493035  1.000000  0.802498  0.222252  0.238637 -0.120724   \n",
       "10  0.422108  0.462493  0.802498  1.000000  0.278096  0.245654 -0.110451   \n",
       "11  0.141224  0.149331  0.222252  0.278096  1.000000  0.043705 -0.052743   \n",
       "12  0.212259  0.188395  0.238637  0.245654  0.043705  1.000000  0.031232   \n",
       "13 -0.222842 -0.333780 -0.120724 -0.110451 -0.052743  0.031232  1.000000   \n",
       "14  0.286739  0.366164  0.263525  0.258942  0.112726  0.195923 -0.336466   \n",
       "15  0.194579  0.193523  0.248213  0.255937  0.063626  0.797611  0.223300   \n",
       "16  0.246950  0.284792  0.261403  0.245976  0.194491  0.100046 -0.142416   \n",
       "17  0.302332  0.430566  0.226980  0.233664  0.028966  0.104120 -0.327886   \n",
       "\n",
       "          14        15        16        17  \n",
       "0  -0.101479  0.140208 -0.036389 -0.474928  \n",
       "1   0.099529 -0.082244  0.004427  0.190613  \n",
       "2  -0.004235 -0.001187 -0.046372  0.003364  \n",
       "3  -0.064441 -0.067940 -0.040964 -0.041468  \n",
       "4   0.191973  0.180190  0.194627  0.128632  \n",
       "5   0.101991  0.017317  0.112762  0.045092  \n",
       "6   0.208591  0.357668  0.227889 -0.012598  \n",
       "7   0.286739  0.194579  0.246950  0.302332  \n",
       "8   0.366164  0.193523  0.284792  0.430566  \n",
       "9   0.263525  0.248213  0.261403  0.226980  \n",
       "10  0.258942  0.255937  0.245976  0.233664  \n",
       "11  0.112726  0.063626  0.194491  0.028966  \n",
       "12  0.195923  0.797611  0.100046  0.104120  \n",
       "13 -0.336466  0.223300 -0.142416 -0.327886  \n",
       "14  1.000000  0.405077  0.309465  0.309841  \n",
       "15  0.405077  1.000000  0.140621  0.107027  \n",
       "16  0.309465  0.140621  1.000000  0.099624  \n",
       "17  0.309841  0.107027  0.099624  1.000000  "
      ]
     },
     "execution_count": 63,
     "metadata": {},
     "output_type": "execute_result"
    }
   ],
   "source": [
    "df.corr()"
   ]
  },
  {
   "cell_type": "code",
   "execution_count": null,
   "id": "ffbf4e80-b297-4c39-bdd6-779d47364291",
   "metadata": {},
   "outputs": [],
   "source": [
    "# corr_pairs_flat_miss, sort_idxs_miss, names = sorted_corr_pairs(X_miss.corr())"
   ]
  },
  {
   "cell_type": "code",
   "execution_count": 77,
   "id": "b0f74ec8-e167-40b6-b7c2-b547eb9e3905",
   "metadata": {},
   "outputs": [],
   "source": [
    "# def sorted_corr_pairs(corr_df):\n",
    "#     corr_pairs = []\n",
    "#     indxs = []\n",
    "#     col_names = []\n",
    "#     for idx, col in enumerate(df.columns):\n",
    "#         corr_line = corr_df[df.columns[df.columns != col]].loc[col]\n",
    "#         corr_pairs.append(corr_line)\n",
    "#         col_names.append([str(col) + '-' + str(col_i) for col_i in df.columns[df.columns != col]])\n",
    "\n",
    "    \n",
    "#     corr_pairs_flat = np.array(corr_pairs).flatten()\n",
    "    \n",
    "#     sort_idxs = np.argsort(corr_pairs_flat)\n",
    " \n",
    "#     col_names = np.array(col_names).flatten()\n",
    "#     return corr_pairs_flat, sort_idxs[::2], col_names"
   ]
  },
  {
   "cell_type": "code",
   "execution_count": 78,
   "id": "03925cf7-80da-40b1-a1ed-02dfeba8e1f1",
   "metadata": {},
   "outputs": [],
   "source": [
    "# corr_pairs_flat_miss, sort_idxs_miss, names = sorted_corr_pairs(df.corr())"
   ]
  },
  {
   "cell_type": "code",
   "execution_count": 83,
   "id": "59ef6ae4-26d0-46b8-a1d8-df967567d108",
   "metadata": {},
   "outputs": [],
   "source": [
    "# plt.figure(figsize=(20, 10))\n",
    "# fig, ax = plt.subplots(1, 1, figsize=(20, 10))\n",
    "# ax.bar(x=colnames[sort_idxs_miss],height=corr_pairs_flat[sort_idxs])\n",
    "# ax.bar(x=colnames[sort_idxs_miss],height=corr_pairs_flat_miss[sort_idxs], alpha=0.7)\n",
    "# # ax.grid(which='major')\n",
    "# ax.xaxis.set_major_locator(ticker.MultipleLocator(5))\n",
    "# ax.xaxis.set_minor_locator(ticker.MultipleLocator(1))\n",
    "# plt.xticks(rotation=90);\n",
    "# plt.ylim(-0.8)\n",
    "# # plt.xticks(col_names[sort_idxs][::2]);\n",
    "# plt.savefig(f\"figures_ivanovo/sorted_correlated_amputed_{p_mech}_{p_miss}.png\", dpi=200)"
   ]
  },
  {
   "cell_type": "code",
   "execution_count": null,
   "id": "ebc6c44b-fe8d-4ecf-a548-83b019005921",
   "metadata": {},
   "outputs": [],
   "source": []
  },
  {
   "cell_type": "code",
   "execution_count": null,
   "id": "e69ecca9-0285-49a7-b4ad-f9e3269c5308",
   "metadata": {},
   "outputs": [],
   "source": []
  },
  {
   "cell_type": "code",
   "execution_count": 12,
   "id": "73a8c4de-d932-4f4e-b1ec-9c143e03946a",
   "metadata": {},
   "outputs": [
    {
     "data": {
      "text/plain": [
       "array([ 0,  1,  2,  3,  4,  5,  6,  7,  8,  9, 10])"
      ]
     },
     "execution_count": 12,
     "metadata": {},
     "output_type": "execute_result"
    }
   ],
   "source": [
    "np.arange(0, 11, 1)"
   ]
  },
  {
   "cell_type": "markdown",
   "id": "996f855f-58e6-44ea-bd8f-2a4258825661",
   "metadata": {},
   "source": [
    "<!-- ///CC, analysis by column [17] (very last continuous col). we vary ampute proportion\n",
    "\n",
    "///missing_patterns: [0,0,0,0,0,0,0,0,0,0,0,0,0,0,0,0,0,1] --> -->\n",
    "<!-- \n",
    "CC, analysis by column [11] (very last col without mis values in contin data). we vary ampute proportion -->"
   ]
  },
  {
   "cell_type": "code",
   "execution_count": 4,
   "id": "6352eedf-ba26-405c-9379-b24dcf2abe1d",
   "metadata": {},
   "outputs": [],
   "source": [
    "def ivanovo_test(param, num, varss):    \n",
    "    df_ivanovo = df_cont.to_numpy()\n",
    "    proportion = np.arange(0.1, 1, 0.1)\n",
    "\n",
    "    df_bias_cc = pd.DataFrame(columns = ['full', 'MCAR', 'MAR', 'MNAR'])\n",
    "\n",
    "    for pr in proportion:\n",
    "\n",
    "        n = 0\n",
    "        df_means = pd.DataFrame(columns = ['mean_full', 'mean_MCAR', 'mean_MAR', 'mean_MNAR'])\n",
    "\n",
    "        for n in np.arange(100):\n",
    "\n",
    "            X_full = df_ivanovo\n",
    "            df_means.loc[n, 'mean_full'] = X_full[:, num].mean() \n",
    "\n",
    "            #___MCAR________\n",
    "\n",
    "            ma = MultivariateAmputation(\n",
    "                patterns = [ {'incomplete_vars': varss, 'mechanism': \"MCAR\"} ],\n",
    "                prop = pr\n",
    "            )\n",
    "            X_miss = ma.fit_transform(X_full)\n",
    "\n",
    "            X_m = pd.DataFrame(X_miss, columns = cont_colnames)\n",
    "            cc = X_m.dropna()\n",
    "            df_means.loc[n, 'mean_MCAR'] = cc[param].mean() \n",
    "\n",
    "\n",
    "            #___MAR________\n",
    "\n",
    "            ma = MultivariateAmputation(\n",
    "                patterns = [ {'incomplete_vars': varss, 'mechanism': \"MAR\"} ], \n",
    "                #by default weights for not amputed variables = 1, for amputed = 0, like 'weights': [0,0,0,0,0,0,0,0,0,0,0,0,0,0,0,0,0,1]\n",
    "                prop = pr\n",
    "            )\n",
    "            X_miss = ma.fit_transform(X_full)\n",
    "\n",
    "            X_m = pd.DataFrame(X_miss, columns = cont_colnames)\n",
    "            cc = X_m.dropna()\n",
    "            df_means.loc[n, 'mean_MAR'] = cc[param].mean() \n",
    "\n",
    "\n",
    "            #___MNAR________\n",
    "\n",
    "            ma = MultivariateAmputation(\n",
    "                patterns = [ {'incomplete_vars': varss, 'mechanism': \"MNAR\"} ],\n",
    "                prop = pr\n",
    "            )\n",
    "            X_miss = ma.fit_transform(X_full)\n",
    "            X_m = pd.DataFrame(X_miss, columns = cont_colnames)\n",
    "            cc = X_m.dropna()\n",
    "            df_means.loc[n, 'mean_MNAR'] = cc[param].mean() \n",
    "\n",
    "\n",
    "        df_bias_cc.loc[pr, 'full'] = df_means['mean_full'].mean() - df_means['mean_full'].mean() \n",
    "        df_bias_cc.loc[pr, 'MCAR'] = df_means['mean_MCAR'].mean() - df_means['mean_full'].mean()\n",
    "        df_bias_cc.loc[pr, 'MAR'] = df_means['mean_MAR'].mean() - df_means['mean_full'].mean()\n",
    "        df_bias_cc.loc[pr, 'MNAR'] = df_means['mean_MNAR'].mean() - df_means['mean_full'].mean()\n",
    "\n",
    "\n",
    "    return df_bias_cc"
   ]
  },
  {
   "cell_type": "code",
   "execution_count": null,
   "id": "8c1e643d-4f2b-42d2-beb3-1b908659bb2e",
   "metadata": {},
   "outputs": [],
   "source": []
  },
  {
   "cell_type": "code",
   "execution_count": null,
   "id": "b99437ba-79d2-40b3-80da-b2a1bf182435",
   "metadata": {},
   "outputs": [],
   "source": []
  },
  {
   "cell_type": "markdown",
   "id": "3f1acba3-e95b-4bdf-a25b-1721f6e2fe57",
   "metadata": {},
   "source": [
    "CC, analysis by column [11] (very last col without mis values in contin data). we vary ampute proportion\n",
    "\n",
    "one variable without mis values: cont_12 [11], analysis by it\n",
    "\n",
    "(for dataset with descrete values same graphic)"
   ]
  },
  {
   "cell_type": "code",
   "execution_count": 5,
   "id": "9435846f-0b0d-4f99-9aa8-f60da1bcd243",
   "metadata": {},
   "outputs": [
    {
     "data": {
      "text/plain": [
       "<AxesSubplot:>"
      ]
     },
     "execution_count": 5,
     "metadata": {},
     "output_type": "execute_result"
    },
    {
     "data": {
